96 96 117
5 0
7 0
53 0
75 0
84 0
55 1
74 2
18 3
15 4
16 4
19 4
39 4
92 4
7 5
44 5
53 5
88 5
60 6
27 7
37 7
38 7
41 7
53 7
71 7
53 8
88 8
94 8
53 9
44 10
55 10
93 10
14 11
23 12
74 12
40 13
49 13
20 14
32 14
92 14
83 17
53 18
95 20
52 21
64 21
67 21
50 22
27 24
88 25
52 26
31 27
77 27
92 27
53 28
67 28
71 28
63 29
44 30
54 30
57 30
92 33
44 34
53 35
53 36
53 37
49 38
58 39
92 39
65 40
80 40
87 40
44 42
73 42
71 43
55 44
57 44
73 44
74 44
78 44
82 44
88 45
53 46
72 47
86 47
92 47
69 48
76 49
53 50
55 50
71 50
73 50
55 51
56 52
63 52
69 52
60 53
66 53
88 53
91 53
92 53
71 55
79 55
89 55
73 59
71 60
94 60
71 61
94 62
80 63
88 63
90 64
74 65
71 68
78 70
92 71
88 81
88 83
88 85
